
EsN0 = 6.0, FER = 0.859, BER = 0.08693560606060606

EsN0 = 4, FER = 1.0, BER = 0.19290340909090908

EsN0 = 5, FER = 1.0, BER = 0.15611931818181818
