
EsN0 = 6.0, FER = 0.859, BER = 0.08693560606060606

EsN0 = 4, FER = 1.0, BER = 0.19290340909090908

EsN0 = 5, FER = 1.0, BER = 0.15611931818181818

EsN0 = 7.0, EbN0 = 3.989700031426491, FER = 0.08756567425569177, BER = 0.005308669001751314
