
EsN0 = 4.8, EbN0 = 3.1451629926328435, FER = 1.5e-05, BER = 1.1363636363636363e-07

EsN0 = 5.2, EbN0 = 3.7171037542994116, FER = 1e-05, BER = 9.46969696969697e-08
