
EsN0 = 7.91029996857351, EbN0 = 4.9, FER = 0.00038, BER = 1.1799242424242424e-05

EsN0 = 7.010299968573509, EbN0 = 4.0, FER = 0.08695652173913043, BER = 0.004899538866930171
